lookup latency: 0.003202493374164288
trade latency: 0.002726921668419471
order latency: 0.0024631206805889425



lookup latencies:
0.026111841201782227
0.0020780563354492188
0.0012638568878173828
0.0012161731719970703
0.0010929107666015625
0.0012979507446289062
0.0011119842529296875
0.0010759830474853516
0.0007460117340087891
0.0011708736419677734
0.0015878677368164062
0.0016140937805175781
0.001264810562133789
trade latencies:
0.004600048065185547
0.0025000572204589844
0.00263214111328125
0.001968860626220703
0.002566099166870117
0.0022737979888916016
0.002321958541870117
0.0020580291748046875
0.002505779266357422
0.004439115524291992
0.0026760101318359375
0.002807140350341797
0.0021009445190429688
order latencies:
0.00372314453125
0.0026009082794189453
0.0024530887603759766
0.002198934555053711
0.0026140213012695312
0.0022678375244140625
0.002275705337524414
0.0023260116577148438
0.0023779869079589844
0.0021538734436035156
0.002499103546142578
0.002270936965942383
0.0022590160369873047
