lookup latency: 0.0021888415018717446
trade latency: 0.003141588634914822
order latency: 0.0026428434583875868



lookup latencies:
0.00962209701538086
0.0017023086547851562
0.0010790824890136719
0.0009479522705078125
0.0013918876647949219
0.0015349388122558594
0.0014951229095458984
0.0010540485382080078
0.0008721351623535156
trade latencies:
0.004511833190917969
0.002048969268798828
0.002073049545288086
0.001961231231689453
0.0033011436462402344
0.006826162338256836
0.002262115478515625
0.002869844436645508
0.0024199485778808594
order latencies:
0.003045320510864258
0.002630949020385742
0.002841949462890625
0.002532958984375
0.0023610591888427734
0.0026459693908691406
0.002554178237915039
0.0026862621307373047
0.0024869441986083984
