lookup latency: 0.0022203922271728516
trade latency: 0.0035451742318960335
order latency: 0.012930998435387244



lookup latencies:
0.008589982986450195
0.002187013626098633
0.0012691020965576172
0.002961874008178711
0.0025310516357421875
0.002240896224975586
0.0016069412231445312
0.0013241767883300781
0.001264810562133789
0.0016582012176513672
0.0010921955108642578
0.0010559558868408203
0.0010828971862792969
trade latencies:
0.0049130916595458984
0.002620220184326172
0.0049631595611572266
0.004004955291748047
0.008125782012939453
0.003993034362792969
0.002819061279296875
0.00304412841796875
0.0026717185974121094
0.0025048255920410156
0.0020279884338378906
0.0023102760314941406
0.0020890235900878906
order latencies:
0.0031900405883789062
0.014400005340576172
0.05797100067138672
0.005527973175048828
0.01810479164123535
0.011708259582519531
0.011647939682006836
0.015969038009643555
0.003136873245239258
0.010969877243041992
0.0066852569580078125
0.0028867721557617188
0.0059051513671875
