lookup latency: 0.003604558797983023
trade latency: 0.00625001467191256
order latency: 0.010525868489192082



lookup latencies:
0.008852005004882812
0.0037212371826171875
0.0056912899017333984
0.0030181407928466797
0.0038530826568603516
0.002500772476196289
0.0029180049896240234
0.002995014190673828
0.002424955368041992
0.004121065139770508
0.0025200843811035156
0.0020020008087158203
0.0022416114807128906
trade latencies:
0.008177042007446289
0.014180183410644531
0.007970809936523438
0.005948781967163086
0.005861759185791016
0.0046579837799072266
0.005129814147949219
0.004931926727294922
0.004848957061767578
0.0050048828125
0.005218982696533203
0.0043201446533203125
0.004998922348022461
order latencies:
0.008669853210449219
0.008344888687133789
0.007330894470214844
0.008317947387695312
0.006913185119628906
0.008709907531738281
0.007782936096191406
0.010637760162353516
0.01999187469482422
0.010647058486938477
0.012274026870727539
0.01252293586730957
0.014693021774291992
