lookup latency: 0.002016464869181315
trade latency: 0.003021876017252604
order latency: 0.005476660198635525



lookup latencies:
0.0067479610443115234
0.001611948013305664
0.0011200904846191406
0.0009610652923583984
0.001146078109741211
0.0013592243194580078
0.0027399063110351562
0.0015108585357666016
0.0009510517120361328
trade latencies:
0.007225751876831055
0.002103090286254883
0.002134084701538086
0.0022220611572265625
0.002248048782348633
0.0032896995544433594
0.00357818603515625
0.0021409988403320312
0.002254962921142578
order latencies:
0.009601116180419922
0.005304098129272461
0.0053288936614990234
0.004915952682495117
0.004870176315307617
0.004868745803833008
0.004745006561279297
0.004888057708740234
0.004767894744873047
