lookup latency: 2.0549479590521917
trade latency: 2.0902231534322104
order latency: 2.061588684717814



lookup latencies:
2.068969249725342
2.0567381381988525
2.0606777667999268
2.049974203109741
2.054964065551758
2.0517356395721436
2.058112859725952
2.0417885780334473
2.0515711307525635
trade latencies:
2.1164114475250244
2.0961852073669434
2.0638115406036377
2.1024322509765625
2.103607416152954
2.0651280879974365
2.104105234146118
2.0579488277435303
2.1023783683776855
order latencies:
2.069031000137329
2.0591845512390137
2.0662665367126465
2.0589046478271484
2.055013656616211
2.079068899154663
2.035780191421509
2.0738961696624756
2.057152509689331
