lookup latency: 0.002624177932739258
trade latency: 0.0048446178436279295
order latency: 0.0044537544250488285



lookup latencies:
0.007698774337768555
0.003492116928100586
0.004626750946044922
0.0027823448181152344
0.0018041133880615234
0.0008981227874755859
0.0010352134704589844
0.0009510517120361328
0.0009222030639648438
0.002031087875366211
trade latencies:
0.008464813232421875
0.015799999237060547
0.003465890884399414
0.0028030872344970703
0.0022928714752197266
0.002298116683959961
0.003030061721801758
0.0021791458129882812
0.003443002700805664
0.004669189453125
order latencies:
0.005095005035400391
0.004297971725463867
0.0041370391845703125
0.0040128231048583984
0.004391908645629883
0.004414796829223633
0.004987955093383789
0.004475116729736328
0.004212141036987305
0.004512786865234375
