lookup latency: 0.0031531651814778647
trade latency: 0.01391458511352539
order latency: 0.005683024724324544



lookup latencies:
0.011692047119140625
0.0039827823638916016
0.0039060115814208984
0.0027751922607421875
0.0020020008087158203
0.0022139549255371094
0.002579212188720703
0.0014531612396240234
0.0019001960754394531
0.002315998077392578
0.0015196800231933594
0.0014977455139160156
trade latencies:
0.011662006378173828
0.004693031311035156
0.004233837127685547
0.005210161209106445
0.008562088012695312
0.020159006118774414
0.03161025047302246
0.05256199836730957
0.01414179801940918
0.003882884979248047
0.00541996955871582
0.004837989807128906
order latencies:
0.005908966064453125
0.005825042724609375
0.005896806716918945
0.005694866180419922
0.0057718753814697266
0.005669116973876953
0.005724906921386719
0.005726337432861328
0.005470991134643555
0.005387067794799805
0.005416154861450195
0.005704164505004883
