lookup latency: 0.004442476457165134
trade latency: 0.02290038139589371
order latency: 0.007991629262124338



lookup latencies:
0.009350061416625977
0.0059452056884765625
0.0054819583892822266
0.00441288948059082
0.003612995147705078
0.005056858062744141
0.00321197509765625
0.0032651424407958984
0.0036907196044921875
0.0035309791564941406
0.002853870391845703
0.003020048141479492
0.0028519630432128906
0.002649068832397461
0.0029859542846679688
0.002486705780029297
0.0019948482513427734
0.023563146591186523
0.0026879310607910156
0.012536048889160156
0.003981828689575195
0.0024199485778808594
0.002045869827270508
0.004339933395385742
0.0019428730010986328
0.0018682479858398438
0.00745081901550293
0.0029778480529785156
0.0016901493072509766
0.001528024673461914
0.002282857894897461
trade latencies:
0.0064640045166015625
0.00740504264831543
0.007097005844116211
0.009133100509643555
0.01407003402709961
0.004398822784423828
0.004751920700073242
0.006521940231323242
0.0049190521240234375
0.004383087158203125
0.0060558319091796875
0.004344940185546875
0.005154132843017578
0.004613161087036133
0.005784034729003906
0.013353109359741211
0.02487778663635254
0.02233576774597168
0.06877779960632324
0.12115788459777832
0.04021573066711426
0.05802798271179199
0.03358006477355957
0.017359018325805664
0.04491019248962402
0.03821587562561035
0.03009176254272461
0.024535179138183594
0.026985883712768555
0.036476850509643555
0.013914823532104492
order latencies:
0.01101994514465332
0.009691715240478516
0.009608983993530273
0.009092092514038086
0.008972883224487305
0.009037971496582031
0.008941888809204102
0.009292840957641602
0.009039878845214844
0.009084224700927734
0.009253978729248047
0.009699106216430664
0.009099006652832031
0.009003162384033203
0.015839099884033203
0.007025241851806641
0.006702899932861328
0.008028745651245117
0.00791025161743164
0.0068988800048828125
0.0065860748291015625
0.006227970123291016
0.005897998809814453
0.005864858627319336
0.0059468746185302734
0.0059130191802978516
0.0058917999267578125
0.005780935287475586
0.005533933639526367
0.005543947219848633
0.0053102970123291016
