lookup latency: 2.0522034565607705
trade latency: 2.1019978523254395
order latency: 2.0609395503997803



lookup latencies:
2.0456418991088867
2.052720069885254
2.047316789627075
2.047201633453369
2.0583300590515137
2.0550544261932373
2.0551912784576416
2.0446107387542725
2.0531132221221924
2.055035352706909
2.059075117111206
2.0531508922576904
trade latencies:
2.105079174041748
2.1136972904205322
2.1106832027435303
2.0927813053131104
2.1014628410339355
2.088994026184082
2.1055312156677246
2.1172101497650146
2.112388849258423
2.0995492935180664
2.0834338665008545
2.093163013458252
order latencies:
2.0600411891937256
2.06577730178833
2.0617520809173584
2.070037841796875
2.063612937927246
2.0605790615081787
2.060553789138794
2.04407000541687
2.0635886192321777
2.0630648136138916
2.0567805767059326
2.0614163875579834
