lookup latency: 0.004518577030726841
trade latency: 0.013527563640049525
order latency: 0.016125230562119258



lookup latencies:
0.020989179611206055
0.006824970245361328
0.002766132354736328
0.0031349658966064453
0.0027358531951904297
0.0013430118560791016
0.002568960189819336
0.002655029296875
0.0025489330291748047
0.0023241043090820312
0.00272369384765625
0.0031061172485351562
0.0024700164794921875
0.0034461021423339844
0.0013451576232910156
0.002045869827270508
0.002404928207397461
0.0024199485778808594
0.0022001266479492188
0.0014390945434570312
0.0036520957946777344
0.0033130645751953125
0.0033037662506103516
0.00533294677734375
0.002650022506713867
0.003077983856201172
0.003671884536743164
0.003981828689575195
0.04131603240966797
0.0063571929931640625
0.004745960235595703
0.007241964340209961
0.002568960189819336
0.0032618045806884766
0.002554178237915039
0.0019321441650390625
0.0033140182495117188
0.0023381710052490234
0.0054471492767333984
0.003796815872192383
0.0026688575744628906
0.0017611980438232422
trade latencies:
0.00896000862121582
0.019562959671020508
0.008717775344848633
0.006391763687133789
0.005106925964355469
0.0047168731689453125
0.0042972564697265625
0.004606962203979492
0.005580902099609375
0.004113912582397461
0.0036110877990722656
0.004765033721923828
0.0035791397094726562
0.006617069244384766
0.003735780715942383
0.012936115264892578
0.012969970703125
0.00680088996887207
0.011033058166503906
0.021855831146240234
0.009231090545654297
0.00944209098815918
0.009068012237548828
0.01585102081298828
0.0051991939544677734
0.00574803352355957
0.01042795181274414
0.014211177825927734
0.01966691017150879
0.01593923568725586
0.029556989669799805
0.01337885856628418
0.00893402099609375
0.02088785171508789
0.007742881774902344
0.027691125869750977
0.03264474868774414
0.024338960647583008
0.0428311824798584
0.03460216522216797
0.026931047439575195
0.02387380599975586
order latencies:
0.06674885749816895
0.012964963912963867
0.011900901794433594
0.02884507179260254
0.015119791030883789
0.02200794219970703
0.022321224212646484
0.01825094223022461
0.010007143020629883
0.018530845642089844
0.017910003662109375
0.012953996658325195
0.01516270637512207
0.014118194580078125
0.014666080474853516
0.019536972045898438
0.012135744094848633
0.009856939315795898
0.010030746459960938
0.010339975357055664
0.012573957443237305
0.009810924530029297
0.022691965103149414
0.0265810489654541
0.02544999122619629
0.022318124771118164
0.015598058700561523
0.03580188751220703
0.021963119506835938
0.013323068618774414
0.013567924499511719
0.01101374626159668
0.0073359012603759766
0.0074710845947265625
0.008622169494628906
0.0073468685150146484
0.015561342239379883
0.00799417495727539
0.007725954055786133
0.008125066757202148
0.006654977798461914
0.006319284439086914
