lookup latency: 0.00434563159942627
trade latency: 0.015969109535217286
order latency: 0.009948372840881348



lookup latencies:
0.017729997634887695
0.00220489501953125
0.003145933151245117
0.0031528472900390625
0.0016551017761230469
0.0019299983978271484
0.003782033920288086
0.0021376609802246094
0.004759788513183594
0.002958059310913086
trade latencies:
0.014518976211547852
0.0037047863006591797
0.009268045425415039
0.006876945495605469
0.0054171085357666016
0.01478123664855957
0.01905035972595215
0.029427766799926758
0.030564069747924805
0.02608180046081543
order latencies:
0.018655061721801758
0.015178918838500977
0.008136987686157227
0.007332801818847656
0.01183009147644043
0.007967948913574219
0.0071299076080322266
0.009193897247314453
0.0068511962890625
0.007206916809082031
