lookup latency: 0.003491446375846863
trade latency: 0.011501729488372803
order latency: 0.007923737168312073



lookup latencies:
0.00843191146850586
0.003628969192504883
0.002782106399536133
0.002707958221435547
0.0024449825286865234
0.0016360282897949219
0.0024771690368652344
0.0016472339630126953
0.018470048904418945
0.0024530887603759766
0.0018558502197265625
0.0014820098876953125
0.001546621322631836
0.0013179779052734375
0.0015039443969726562
0.0014772415161132812
trade latencies:
0.004071950912475586
0.004862785339355469
0.005794048309326172
0.004491090774536133
0.005737781524658203
0.006279945373535156
0.024303197860717773
0.028226137161254883
0.034216880798339844
0.011172056198120117
0.006443977355957031
0.004791975021362305
0.006323099136352539
0.027776002883911133
0.0043048858642578125
0.0052318572998046875
order latencies:
0.009681940078735352
0.008944988250732422
0.00896906852722168
0.008976221084594727
0.008866071701049805
0.008919000625610352
0.00910186767578125
0.008887052536010742
0.006308078765869141
0.009097099304199219
0.008941888809204102
0.006192922592163086
0.006225109100341797
0.005877017974853516
0.00584864616394043
0.005942821502685547
