lookup latency: 2.070439020792643
trade latency: 2.0886796050601535
order latency: 2.065218687057495



lookup latencies:
2.125326633453369
2.055812120437622
2.048978567123413
2.0558321475982666
2.048915386199951
2.1454970836639404
2.0640761852264404
2.035921573638916
2.05359148979187
trade latencies:
2.0697453022003174
2.0944039821624756
2.102790117263794
2.1001133918762207
2.104142665863037
2.0777273178100586
2.0836336612701416
2.061877965927124
2.103682041168213
order latencies:
2.0666534900665283
2.0701563358306885
2.05971622467041
2.0598182678222656
2.065990686416626
2.050161838531494
2.0774216651916504
2.0701138973236084
2.0669357776641846
